Best K is 10
*********************
Cluster 1 is 
[83, 1, 11, 25, 34, 37, 38, 46, 49, 51, 61, 70, 86, 88, 90, 92, 98, 100, 105, 114, 116, 119, 120, 121, 129, 137, 138, 150, 153, 177, 204, 208, 214, 232, 243, 252, 256, 266, 271, 274, 275, 280, 293, 295, 299, 300, 302, 310]
*******************
Cluster 2 is 
[182, 6, 23, 52, 60, 96, 103, 108, 126, 131, 142, 143, 148, 170, 178, 196, 198, 217, 248, 251, 277, 287, 290, 303]
*******************
Cluster 3is 
[255, 21, 76, 95, 118, 134, 136, 140, 175, 185, 193, 199, 215, 223, 224, 225, 229, 231, 239, 247, 264, 268, 283, 292, 294, 298, 304]
*******************
Cluster 4 is 
[7, 2, 3, 5, 14, 15, 22, 32, 41, 42, 58, 67, 69, 71, 77, 81, 82, 91, 93, 104, 106, 110, 130, 132, 152, 159, 165, 171, 173, 179, 186, 187, 200, 212, 216, 221, 226, 228, 230, 260, 278, 279, 286, 289, 301]
*******************
Cluster 5 is 
[80, 12, 13, 18, 20, 35, 36, 43, 48, 55, 63, 72, 78, 97, 99, 109, 113, 151, 162, 172, 174, 189, 190, 195, 202, 207, 245, 249, 254, 272, 276, 288, 308]
*******************
Cluster 6 is 
[166, 8, 24, 45, 54, 56, 59, 65, 68, 87, 107, 111, 122, 124, 125, 128, 135, 141, 144, 145, 155, 158, 160, 168, 169, 181, 203, 209, 211, 227, 234, 265, 267, 270, 282, 291, 305, 306]
*******************
Cluster 7 is 
[102, 9, 16, 62, 84, 139, 164, 220, 258, 285]
*******************
Cluster 8 is 
[238, 17, 19, 26, 27, 30, 31, 39, 44, 50, 53, 66, 73, 79, 85, 112, 115, 117, 127, 133, 146, 147, 149, 156, 157, 176, 180, 183, 188, 191, 197, 201, 205, 206, 210, 219, 222, 236, 237, 242, 246, 250, 253, 262, 263, 269, 296, 297, 307]
*******************
Cluster 9 is 
[33, 29, 94, 123, 154, 241]
*******************
Cluster 10 is 
[261, 4, 10, 28, 40, 47, 57, 64, 74, 75, 89, 101, 161, 163, 167, 184, 192, 194, 213, 218, 233, 235, 240, 244, 257, 259, 273, 281, 284, 309]
*******************
